q=503, t=1
[289, 205, 172, 320, 133, 104, 125, 270, 63, 330, 101, 271, 111, 114, 307, 97, 161, 135, 321, 70, 46, 444, 233, 148, 240, 342, 158, 383, 218, 106, 176, 480, 35, 269, 48, 407, 468, 497, 98, 88, 156, 281, 140, 179, 434, 74, 447, 266, 122, 442]
q=457, t=1
[434, 328, 212, 178, 145, 422, 254, 29, 292, 199, 50, 40, 88, 366, 243, 168, 382, 272, 131, 435, 167, 92, 59, 340, 281, 75, 188, 206, 432, 21, 309, 81, 361, 207, 98, 236, 13, 429, 331, 34, 78, 82, 194, 155, 364, 164, 222, 117, 118, 126]
q=421, t=1
[349, 169, 277, 143, 399, 363, 231, 317, 304, 158, 93, 178, 22, 115, 3, 114, 100, 275, 343, 65, 149, 245, 347, 19, 219, 98, 222, 358, 211, 305, 257, 74, 329, 9, 282, 99, 36, 414, 43, 166, 97, 235, 397, 324, 323, 274, 198, 243, 406, 40]
q=401, t=1
[63, 150, 309, 144, 173, 194, 280, 319, 162, 51, 14, 225, 294, 345, 161, 6, 77, 250, 318, 334, 174, 357, 186, 325, 39, 142, 75, 247, 152, 299, 191, 48, 114, 281, 389, 393, 399, 4, 70, 326, 343, 313, 27, 320, 158, 9, 390, 358, 67, 220]
q=383, t=1
[169, 210, 234, 349, 24, 30, 300, 108, 353, 158, 274, 244, 155, 293, 222, 270, 46, 275, 220, 252, 327, 106, 338, 52, 208, 371, 116, 164, 35, 369, 7, 319, 173, 299, 382, 343, 4, 312, 295, 67, 336, 269, 112, 245, 249, 49, 85, 325, 137, 36]
q=331, t=1
[163, 315, 267, 180, 187, 139, 115, 127, 39, 257, 225, 200, 298, 119, 147, 85, 76, 83, 98, 71, 26, 52, 28, 235, 248, 134, 239, 47, 204, 135, 121, 167, 122, 318, 118, 130, 217, 299, 69, 188, 100, 249, 117, 317, 256, 169, 281, 93, 64, 211]
q=293, t=1
[20, 174, 169, 87, 111, 173, 98, 206, 281, 57, 82, 215, 113, 146, 258, 259, 244, 203, 167, 19, 272, 145, 43, 67, 157, 265, 290, 58, 183, 81, 0, 122, 162, 115, 189, 59, 102, 128, 182, 217, 274, 25, 37, 161, 212, 28, 257, 105, 248, 291]
q=263, t=1
[243, 25, 26, 221, 159, 66, 100, 1, 192, 99, 72, 121, 166, 261, 229, 208, 216, 262, 147, 90, 111, 183, 97, 222, 37, 188, 73, 154, 172, 174, 204, 227, 41, 21, 40, 191, 28, 15, 238, 119, 58, 151, 152, 115, 254, 173, 211, 148, 49, 55]
q=233, t=1
[176, 74, 117, 167, 158, 175, 50, 95, 203, 38, 174, 3, 223, 75, 127, 215, 8, 166, 5, 61, 144, 118, 20, 185, 22, 208, 81, 111, 59, 141, 168, 179, 177, 204, 226, 1, 222, 23, 12, 76, 212, 126, 44, 194, 122, 187, 180, 24, 229, 58]
q=211, t=1
[87, 5, 79, 151, 124, 188, 174, 57, 126, 32, 53, 166, 123, 46, 0, 19, 128, 140, 12, 60, 190, 189, 25, 179, 2, 94, 106, 130, 131, 37, 116, 63, 20, 99, 97, 149, 68, 4, 66, 75, 133, 71, 3, 108, 16, 89, 43, 160, 1, 76]
q=97, t=1
[12, 31, 43, 3, 20, 84, 60, 83, 14, 64, 69, 45, 89, 25, 11, 4, 44, 86, 35, 78, 16, 75, 74, 52, 65, 10, 34, 61, 87, 70, 47, 23, 30, 17, 15, 67, 9, 36, 90, 21, 37, 56, 50, 55, 49, 48, 7, 13, 5, 91]
q=83, t=1
[69, 73, 81, 45, 47, 15, 56, 71, 0, 49, 44, 14, 7, 82, 12, 6, 55, 80, 27, 40, 18, 66, 79, 41, 38, 50, 64, 32, 70, 19, 74, 26, 42, 29, 34, 67, 16, 4, 24, 57, 43, 63, 31, 25, 5, 39, 37, 52, 62, 36]
q=71, t=1
[9, 70, 11, 59, 28, 60, 54, 63, 21, 38, 18, 2, 58, 7, 4, 29, 55, 27, 19, 66, 12, 30, 17, 1, 0, 36, 45, 62, 41, 37, 26, 24, 48, 32, 51, 14, 8, 65, 44, 69, 31, 6, 40, 15, 20, 42, 64, 46, 13, 22]
q=61, t=1
[30, 36, 45, 42, 46, 48, 17, 31, 41, 12, 3, 2, 26, 32, 59, 14, 50, 25, 57, 18, 24, 49, 5, 40, 56, 4, 28, 1, 29, 52, 13, 10, 55, 60, 27, 38, 9, 21, 33, 11, 7, 34, 23, 37, 39, 51, 15, 8, 0, 20]
q=59, t=1
[16, 9, 12, 8, 47, 22, 36, 43, 40, 29, 35, 44, 45, 20, 34, 50, 14, 2, 33, 53, 27, 49, 15, 25, 30, 19, 26, 28, 17, 48, 21, 52, 38, 11, 24, 55, 32, 6, 3, 54, 31, 56, 18, 42, 39, 57, 0, 13, 5, 58]
q=53, t=1
[12, 27, 18, 9, 29, 4, 36, 21, 34, 3, 0, 5, 19, 30, 28, 22, 14, 20, 47, 44, 10, 13, 45, 23, 31, 43, 40, 17, 51, 7, 26, 48, 50, 16, 33, 41, 35, 37, 15, 32, 38, 24, 8, 11, 52, 42, 39, 46, 49, 1]





