n: 40, k: 10, q: 43, t: 3
Eval pts: [39, 0, 37, 9, 7, 14, 12, 11, 5, 25, 18, 8, 36, 27, 22, 35, 1, 30, 29, 38, 16, 20, 24, 32, 31, 15, 10, 17, 23, 42, 4, 33, 26, 19, 6, 40, 21, 2, 13, 28]

n: 40, k: 10, q: 43, t: 3
Eval pts: [31, 22, 20, 28, 16, 38, 27, 11, 33, 34, 12, 4, 17, 39, 30, 6, 42, 9, 21, 8, 15, 19, 26, 5, 2, 3, 0, 41, 13, 37, 14, 29, 40, 24, 25, 35, 32, 7, 23, 36]

n: 40, k: 10, q: 43, t: 3
Eval pts: [38, 15, 21, 17, 7, 35, 27, 1, 22, 4, 32, 24, 13, 40, 9, 34, 36, 28, 29, 16, 8, 30, 39, 26, 18, 25, 41, 0, 5, 3, 14, 23, 10, 12, 31, 42, 2, 11, 19, 37]

n: 40, k: 10, q: 43, t: 3
Eval pts: [21, 5, 7, 31, 9, 13, 22, 32, 40, 41, 14, 25, 3, 23, 26, 19, 8, 30, 17, 20, 29, 38, 6, 16, 37, 24, 28, 2, 34, 12, 0, 42, 36, 39, 15, 27, 33, 18, 11, 10]

