n: 51, k: 10, q: 53
Eval pts: [44, 33, 4, 6, 0, 36, 24, 50, 16, 42, 40, 41, 3, 15, 46, 37, 18, 13, 17, 48, 1, 20, 52, 39, 21, 23, 30, 28, 26, 51, 45, 12, 35, 38, 2, 49, 7, 10, 29, 22, 34, 11, 47, 27, 32, 5, 43, 25, 8, 19, 31]

n: 51, k: 10, q: 53
Eval pts: [44, 33, 4, 6, 0, 36, 24, 50, 16, 42, 40, 41, 3, 15, 46, 37, 18, 13, 17, 48, 1, 20, 52, 39, 21, 23, 30, 28, 26, 51, 45, 12, 35, 38, 2, 49, 7, 10, 29, 22, 34, 11, 47, 27, 32, 5, 43, 25, 8, 19, 31]

n: 51, k: 10, q: 53
Eval pts: [0, 42, 18, 49, 23, 52, 34, 25, 21, 1, 39, 9, 38, 26, 2, 15, 5, 36, 28, 46, 16, 48, 50, 47, 19, 35, 31, 29, 37, 14, 20, 12, 51, 43, 22, 41, 33, 45, 13, 3, 4, 6, 17, 32, 7, 11, 44, 30, 10, 27, 40]

n: 51, k: 10, q: 53
Eval pts: [0, 42, 18, 49, 23, 52, 34, 25, 21, 1, 39, 9, 38, 26, 2, 15, 5, 36, 28, 46, 16, 48, 50, 47, 19, 35, 31, 29, 37, 14, 20, 12, 51, 43, 22, 41, 33, 45, 13, 3, 4, 6, 17, 32, 7, 11, 44, 30, 10, 27, 40]

n: 51, k: 10, q: 53
Eval pts: [1, 9, 22, 25, 37, 34, 35, 19, 13, 28, 43, 2, 52, 45, 36, 4, 3, 8, 20, 42, 39, 33, 5, 40, 50, 47, 44, 0, 11, 49, 10, 38, 12, 51, 18, 48, 24, 16, 26, 27, 6, 14, 29, 15, 31, 23, 32, 30, 41, 7, 46]

n: 51, k: 10, q: 53, t: 2
Eval pts: [36, 21, 15, 27, 49, 2, 48, 41, 46, 35, 24, 47, 31, 40, 20, 14, 6, 50, 25, 39, 10, 8, 33, 16, 1, 13, 38, 4, 45, 5, 44, 22, 29, 12, 18, 3, 0, 7, 37, 42, 52, 51, 43, 17, 26, 34, 23, 30, 28, 32, 11]

n: 51, k: 10, q: 53, q: 2
Eval pts: [19, 18, 27, 31, 50, 17, 8, 16, 52, 46, 33, 41, 51, 3, 40, 28, 49, 7, 24, 30, 6, 39, 35, 11, 45, 4, 22, 38, 20, 48, 34, 37, 23, 1, 29, 10, 5, 15, 25, 21, 32, 36, 13, 42, 43, 14, 0, 9, 12, 47, 2]

n: 51, k: 10, q: 53, t: 2
Eval pts: [23, 38, 24, 33, 52, 21, 45, 7, 19, 47, 48, 50, 49, 3, 40, 11, 10, 35, 12, 31, 26, 39, 41, 13, 27, 14, 15, 9, 29, 18, 1, 36, 4, 32, 5, 22, 42, 37, 17, 51, 34, 44, 16, 28, 8, 0, 20, 2, 43, 46, 30]

n: 51, k: 10, q: 53, q: 2
Eval pts: [10, 21, 12, 6, 31, 49, 28, 44, 8, 15, 13, 24, 48, 45, 18, 36, 17, 38, 51, 33, 34, 22, 9, 50, 42, 26, 7, 0, 52, 2, 23, 5, 40, 43, 47, 32, 1, 46, 20, 37, 30, 16, 39, 25, 3, 35, 19, 27, 29, 41, 14]

n: 51, k: 10, q: 53, t: 2
Eval pts: [41, 42, 16, 51, 49, 33, 17, 0, 4, 12, 39, 31, 14, 50, 5, 6, 18, 34, 1, 26, 29, 10, 8, 7, 15, 11, 37, 24, 13, 38, 2, 36, 30, 20, 48, 43, 22, 44, 47, 40, 35, 21, 45, 25, 32, 46, 23, 19, 52, 27, 28]

