n: 30, k: 10, q: 37, t: 3
Eval pts: [17, 33, 0, 31, 6, 3, 12, 32, 27, 8, 16, 23, 30, 24, 28, 11, 20, 5, 7, 19, 10, 29, 2, 4, 9, 14, 18, 25, 35, 21]

n: 30, k: 10, q: 37, q: 3
Eval pts: [30, 20, 8, 15, 13, 34, 18, 4, 9, 23, 5, 3, 29, 2, 17, 11, 31, 21, 12, 19, 36, 1, 16, 32, 28, 6, 22, 25, 14, 33]

n: 30, k: 10, q: 37, t: 1
Eval pts: [17, 34, 33, 0, 4, 13, 7, 11, 29, 14, 28, 30, 22, 20, 5, 24, 2, 36, 35, 10, 3, 8, 6, 25, 12, 31, 1, 15, 16, 26]

n: 30, k: 10, q: 37, q: 1
Eval pts: [26, 35, 21, 6, 28, 36, 4, 34, 9, 5, 12, 22, 19, 10, 2, 24, 23, 3, 11, 15, 31, 27, 30, 29, 20, 14, 8, 17, 33, 16]

n: 30, k: 10, q: 37, t: 2
Eval pts: [10, 12, 14, 7, 17, 2, 1, 13, 18, 31, 28, 5, 33, 26, 22, 24, 34, 3, 6, 29, 9, 35, 20, 27, 21, 30, 23, 25, 15, 16]

n: 30, k: 10, q: 37, q: 2
Eval pts: [23, 22, 18, 3, 9, 11, 8, 0, 30, 35, 34, 1, 24, 16, 33, 13, 5, 32, 21, 28, 20, 14, 25, 29, 36, 10, 4, 17, 31, 6]

n: 30, k: 10, q: 37, t: 3
Eval pts: [25, 20, 17, 21, 31, 18, 9, 12, 22, 32, 27, 35, 33, 11, 23, 15, 8, 0, 26, 29, 3, 16, 19, 2, 5, 1, 4, 7, 36, 34]

n: 30, k: 10, q: 37, q: 3
Eval pts: [34, 35, 21, 8, 15, 30, 4, 5, 24, 33, 28, 3, 6, 0, 10, 20, 31, 29, 12, 27, 18, 23, 17, 16, 22, 14, 32, 36, 2, 1]

