n: 21, k: 7, q: 23, t: 1
Eval pts: [12, 19, 8, 3, 5, 20, 11, 0, 6, 13, 2, 10, 16, 17, 1, 21, 18, 15, 4, 7, 9]

n: 21, k: 7, q: 23, q: 1
Eval pts: [19, 4, 1, 9, 16, 10, 11, 14, 6, 2, 20, 18, 17, 13, 8, 12, 0, 15, 22, 7, 3]

n: 21, k: 7, q: 23, t: 2
Eval pts: [15, 0, 18, 3, 2, 14, 12, 21, 19, 20, 7, 17, 13, 4, 11, 16, 9, 1, 10, 8, 22]

n: 21, k: 7, q: 23, q: 2
Eval pts: [8, 15, 22, 12, 11, 21, 19, 4, 5, 20, 16, 9, 1, 17, 10, 3, 13, 14, 0, 7, 6]

n: 21, k: 7, q: 23, t: 3
Eval pts: [3, 8, 21, 16, 17, 6, 18, 5, 10, 22, 0, 20, 2, 13, 11, 15, 19, 9, 1, 7, 12]

n: 21, k: 7, q: 23, q: 3
Eval pts: [16, 7, 1, 6, 21, 12, 8, 3, 10, 20, 5, 22, 0, 4, 19, 13, 14, 11, 2, 15, 17]

n: 21, k: 7, q: 23, t: 4
Eval pts: [5, 3, 12, 17, 6, 14, 11, 0, 15, 7, 4, 13, 19, 21, 20, 18, 1, 22, 8, 2, 16]

n: 21, k: 7, q: 23, t: 4
Eval pts: [15, 2, 16, 22, 12, 21, 6, 4, 17, 3, 1, 9, 11, 5, 20, 18, 10, 19, 0, 14, 8]

